312	9201
315	9298
400	8642
421	8997
478	8523
496	8856
518	8842
578	8968
639	9328
681	8376
723	9084
732	8879
747	8601
770	9291
792	8292
795	8484
825	9046
840	9688
844	9534
857	8211
861	9719
866	8125
885	9224
935	8689
945	8998
983	7473
995	8471
1028	9460
1035	9780
1051	7732
1067	8784
1087	9283
1096	9115
1103	8415
1118	5064
1124	8523
1137	8102
1140	9108
1149	8956
1156	9825
1171	8356
1186	8602
1186	9475
1204	9312
1210	7848
1214	9010
1243	7816
1247	9530
1262	7669
1268	6807
1277	8557
1293	8061
1306	9428
1312	8712
1334	4674
1339	6976
1360	5125
1366	9791
1406	9451
1409	9287
1410	8256
1431	5005
1432	4506
1433	10077
1455	7999
1469	9921
1476	6718
1479	7733
1479	8598
1490	7545
1498	7260
1501	9200
1509	7091
1518	8708
1524	8189
1531	8449
1540	4715
1540	9980
1548	8877
1551	4434
1580	8316
1588	7328
1599	4965
1607	9350
1619	7754
1628	9973
1631	6788
1639	9610
1640	5303
1651	8077
1662	6359
1663	7912
1676	9747
1694	8398
1698	9913
1702	8849
1705	6677
1712	10333
1716	9988
1721	6527
1731	7804
1733	8397
1736	7142
1738	6433
1751	10337
1770	7978
1771	5589
1783	8275
1795	8548
1807	10003
1821	8503
1826	1620
1828	7659
1830	6290
1831	7414
1868	7588
1891	10281
1894	8469
1918	4975
1920	6410
1927	7075
1929	8270
1935	5272
1964	3589
1968	10105
1976	8186
1982	7267
1985	7523
1989	5307
2000	8094
2001	8370
2024	6130
2025	4465
2039	4717
2046	6373
2052	4312
2066	8233
2076	5076
2083	9012
2089	8024
2090	9161
2094	6482
2095	7224
2096	8240
2125	7901
2126	8444
2129	10005
2141	9906
2142	8391
2147	6247
2166	7945
2172	7012
2172	8270
2173	4052
2178	7375
2181	9283
2183	6461
2191	4477
2204	6397
2205	5220
2208	8258
2229	7802
2234	6267
2257	8109
2257	9220
2263	9493
2274	4936
2281	4100
2285	8048
2292	8028
2309	6368
2311	6464
2314	9694
2323	9827
2333	7148
2337	8982
2338	7291
2346	1941
2347	7678
2348	9630
2349	8171
2359	7844
2362	6452
2372	8549
2375	6567
2391	6373
2392	8111
2415	4249
2437	4697
2445	4097
2445	8996
2447	9089
2450	7874
2455	7150
2457	3534
2465	7977
2474	7727
2475	9401
2476	8589
2484	6202
2486	9166
2489	6105
2496	6491
2506	8924
2519	8819
2521	1635
2528	8687
2528	9605
2530	8498
2534	7808
2534	7967
2535	6519
2535	7530
2542	8639
2558	8515
2561	7035
2568	8980
2582	3754
2583	9389
2603	6136
2605	5205
2606	6366
2634	4337
2635	9285
2653	2201
2676	3315
2676	8472
2677	7242
2692	2401
2698	8890
2702	3669
2704	7357
2710	1843
2713	3954
2725	3520
2746	9382
2754	6359
2756	5980
2761	6400
2768	7546
2770	4713
2787	9132
2788	3711
2791	8937
2796	3977
2797	9407
2799	8303
2813	4106
2815	8863
2818	8428
2820	2803
2825	8396
2836	8440
2837	4201
2840	1976
2846	2252
2852	5930
2871	8417
2872	6615
2882	9119
2883	4197
2884	2331
2916	9229
2936	4938
2938	4881
2941	2504
2942	3737
2946	4403
2949	8678
2952	7288
2954	6464
2964	7396
2968	8263
2971	9372
2982	6601
2986	8226
2990	5173
2999	9072
3001	9256
3010	6095
3024	7247
3026	8862
3035	5343
3039	5898
3039	6323
3049	2001
3049	2396
3056	2194
3070	3748
3072	4575
3074	8903
3081	4956
3091	9019
3108	8714
3117	4806
3118	8611
3133	7286
3149	8821
3172	8249
3172	9054
3177	8860
3183	4367
3186	7168
3187	2324
3193	6668
3194	7469
3199	5723
3212	4289
3213	6103
3215	7930
3216	7367
3219	6476
3222	2165
3235	4018
3239	3714
3254	7601
3262	9024
3267	4395
3276	8713
3300	8451
3310	8338
3316	1438
3335	5193
3337	7839
3338	4841
3339	2147
3347	4587
3348	2296
3355	8827
3357	7380
3375	6157
3375	7766
3377	8097
3377	8309
3387	6447
3392	7684
3393	4077
3410	7572
3411	7010
3419	8320
3422	5003
3437	4558
3438	1976
3441	6646
3460	8036
3464	7066
3476	5700
3484	5171
3494	7258
3495	8017
3502	2086
3502	4621
3506	1810
3508	4221
3509	8265
3513	4748
3520	8348
3534	2516
3540	4954
3554	7592
3560	4891
3576	8199
3590	4330
3593	8649
3605	2806
3605	4862
3606	6459
3616	8330
3621	4537
3625	8111
3626	4634
3635	4997
3635	7856
3641	8078
3644	7232
3648	1772
3659	1260
3661	8405
3665	4793
3693	8560
3699	7385
3701	5451
3706	2781
3707	8286
3709	8188
3710	5555
3722	8144
3730	8524
3750	8200
3750	8717
3769	7554
3771	7350
3785	2234
3786	154
3786	7222
3791	4599
3794	4319
3796	2840
3806	7935
3810	5312
3815	6011
3816	7124
3819	622
3822	1536
3824	8482
3836	2575
3838	2304
3840	8662
3843	2449
3844	5000
3847	6456
3858	7560
3862	5504
3866	8594
3867	1172
3867	8403
3876	6763
3879	6164
3881	4646
3894	4978
3907	4348
3927	2381
3927	4782
3928	8250
3937	7756
3939	6200
3948	7157
3949	7022
3959	8211
3979	5554
3985	8361
3988	5761
4000	8559
4002	4501
4003	7071
4012	5117
4015	8665
4017	6434
4025	5387
4030	6922
4033	792
4033	2102
4038	5358
4048	4921
4053	3916
4055	7558
4060	4860
4061	2800
4065	8308
4071	6193
4072	2395
4080	4090
4089	1830
4091	4993
4101	6944
4116	5549
4126	2709
4139	8269
4142	6572
4147	5805
4149	7130
4158	4715
4162	2556
4167	8554
4169	8353
4172	6791
4182	1274
4182	5464
4183	3995
4187	5090
4214	8131
4223	7846
4227	1079
4228	8023
4231	7966
4240	7709
4242	6925
4252	2302
4257	3081
4258	2615
4263	2897
4274	5307
4285	936
4293	1702
4296	2210
4296	6191
4298	4456
4314	5929
4318	2403
4330	4750
4332	6558
4344	4193
4344	7624
4345	6649
4347	875
4349	4303
4361	7157
4363	8080
4371	7001
4375	2809
4383	8152
4393	8539
4394	7410
4398	2913
4399	7489
4405	7260
4406	4931
4406	5818
4406	7409
4406	7969
4408	5147
4414	1932
4416	4054
4423	6087
4435	7253
4450	4161
4454	4827
4457	8724
4461	5569
4479	2396
4480	2213
4482	4902
4492	5201
4511	1133
4515	7661
4535	2970
4535	2970
4539	5976
4544	8293
4552	3391
4552	4369
4555	2539
4562	5247
4562	8915
4563	2779
4565	1341
4572	3803
4579	4540
4598	4737
4606	3973
4615	2254
4631	1770
4640	4183
4646	5612
4647	2914
4685	2582
4691	8991
4701	5303
4715	8465
4746	2901
4746	8366
4765	5529
4767	2762
4770	8831
4800	2491
4820	4572
4838	4949
4904	2201
4908	892
4912	9125
4953	3462
5051	3425
5068	2067
5070	8783
5121	2493
5157	2128
5162	9169
5250	2253
5280	2437
5342	9114
5359	2733
5398	2410
5570	8750
5580	9144
5592	9440
5610	2878
5646	2285
5678	8999
5769	9496
5794	2710
5848	9390
5863	2565
5981	9252
5985	2869
6113	2690
6130	3103
6211	9313
